A: The number of unique genes as calculated by unique gene descriptions is
5001
B: The most similar correlated time points for each cell are 
['HL60_0_hrs', 'HL60_4_hrs', 8509.9875440566884]
['U937_0.5_hrs', 'U937_4_hrs', 6243.4971770635084]
['NB4_24_hrs', 'NB4_48_hrs', 5510.5896236246808]
['Jurkat_0.5_hrs', 'Jurkat_4_hrs', 5395.0076923022079]
C: Which two cell types are the most similar?
[['Jurkat_0_hrs', 'Jurkat_0.5_hrs', 'Jurkat_4_hrs', 'Jurkat_24_hrs'], ['U937_0_hrs', 'U937_0.5_hrs', 'U937_4_hrs', 'U937_24_hrs'], 859706.17557709187]
D: 10 least variant genes by coefficient variation.
4439      R81353
6889      X78712
309       D43969
3355      R07121
2063      L20977
5306      T74896
3304    R01216_f
3873    R45943_i
6303      X06562
Name: Gene Accession Number, dtype: object
E: Do any genes show two fold higher expression in all cell types?
The set below contains the row index of these genes.
set([2050, 3, 4, 5, 4102, 8, 2057, 4108, 4109, 6158, 2068, 2069, 4119, 1029, 2081, 3078, 4135, 41, 45, 6191, 4145, 4156, 6207, 2457, 6221, 2127, 505, 2744, 82, 6229, 4182, 87, 90, 2142, 4194, 6244, 2152, 2154, 359, 4208, 4209, 1043, 6260, 2165, 4214, 120, 2171, 4221, 6273, 5483, 4228, 2184, 2185, 4240, 5827, 150, 2200, 6298, 157, 4254, 2209, 165, 6313, 6315, 2224, 179, 6325, 4280, 4286, 4287, 620, 2247, 4296, 4303, 2259, 2260, 3790, 6358, 5156, 2267, 2269, 6373, 232, 6379, 722, 4336, 4341, 248, 253, 738, 4353, 2306, 6405, 6406, 2311, 266, 4363, 4365, 4368, 4375, 47, 2332, 4383, 2336, 4386, 2339, 4390, 2780, 2347, 6448, 6453, 310, 2441, 4408, 4410, 1759, 4412, 6462, 320, 4417, 2371, 6470, 2375, 6472, 6476, 2381, 4431, 4436, 2389, 4438, 4439, 6489, 6491, 6493, 2403, 2405, 2449, 4457, 2413, 4463, 2416, 744, 6515, 6548, 3135, 2429, 4478, 6528, 6529, 2435, 2436, 2512, 6537, 4490, 6540, 400, 6545, 4500, 4503, 4505, 411, 6556, 4512, 2467, 2472, 412, 427, 2802, 6574, 6576, 6577, 6578, 435, 6580, 6581, 4534, 4536, 2496, 416, 6600, 629, 6608, 471, 2520, 2524, 6623, 2528, 482, 6628, 2535, 4585, 2062, 2546, 4596, 4600, 2553, 2555, 1450, 4613, 2566, 6667, 2574, 4625, 530, 4627, 4634, 4638, 2598, 4647, 4648, 3164, 2602, 557, 2607, 2610, 6707, 2614, 2825, 4664, 6714, 6716, 579, 6726, 2633, 587, 4685, 2641, 2643, 2644, 6741, 6742, 600, 4697, 602, 2655, 1126, 2667, 4716, 2677, 6774, 4732, 2837, 6785, 2690, 644, 645, 2694, 4745, 4747, 4888, 2707, 2713, 666, 2717, 2393, 6818, 659, 6822, 2733, 4782, 6837, 2742, 4792, 4795, 6845, 2753, 2756, 118, 4806, 6861, 1485, 2768, 433, 4818, 726, 6874, 6876, 735, 2785, 2786, 123, 740, 743, 2792, 4844, 6893, 2798, 752, 4849, 6898, 2804, 4853, 2806, 4855, 6911, 4865, 1242, 773, 6918, 6920, 4873, 2829, 6927, 2832, 4882, 4885, 6934, 6936, 2843, 796, 798, 4898, 6947, 2855, 808, 6953, 812, 4909, 814, 4911, 2527, 2876, 4928, 4931, 4932, 4933, 838, 6985, 4938, 845, 2895, 2897, 4947, 2900, 7001, 7003, 2908, 7006, 864, 869, 7018, 2925, 7023, 880, 881, 882, 892, 4989, 897, 7043, 2959, 919, 7070, 931, 5028, 933, 935, 5033, 5045, 2998, 952, 6644, 5051, 3004, 7103, 962, 5061, 7110, 1185, 7119, 6648, 3027, 3029, 7127, 5082, 5090, 7139, 5097, 7146, 5101, 7152, 1012, 3064, 3066, 1019, 3069, 3077, 7174, 7176, 5131, 1039, 5139, 1046, 4953, 1051, 7204, 3109, 1062, 7209, 3114, 5163, 7215, 3121, 7218, 862, 3129, 1084, 5181, 4277, 1090, 3140, 5192, 5198, 1110, 5208, 1115, 5212, 1210, 5217, 3170, 3172, 3173, 3174, 1130, 1136, 1149, 5247, 3204, 1158, 3208, 3209, 5266, 1177, 3229, 312, 3233, 1187, 5287, 1564, 1223, 3245, 1199, 200, 5300, 5306, 3261, 3264, 5313, 1910, 5319, 3278, 1233, 3290, 3293, 3294, 5353, 5354, 3308, 7037, 3319, 1274, 3324, 3328, 5381, 1288, 3341, 2947, 217, 5400, 5405, 1320, 5418, 1927, 4659, 3381, 3383, 5432, 1337, 1338, 1341, 3390, 181, 1360, 2616, 3412, 3413, 3414, 3420, 1375, 1382, 3431, 3432, 3435, 1392, 1394, 1395, 5497, 5501, 3454, 1407, 3456, 1413, 3464, 3468, 237, 6526, 5528, 3483, 1438, 1445, 5545, 3498, 3505, 3506, 1464, 1465, 1466, 245, 1478, 1483, 5581, 3540, 3541, 5598, 3551, 5600, 1508, 3559, 5608, 5609, 1514, 3564, 1517, 3571, 5623, 3579, 4693, 5640, 5644, 5646, 3599, 1961, 3602, 3604, 3607, 5656, 5658, 5660, 1565, 261, 1568, 5665, 1570, 5667, 5669, 3622, 3625, 3627, 3630, 1583, 1586, 3636, 3644, 1598, 3647, 950, 1611, 5708, 5709, 2317, 1624, 3673, 1628, 1978, 5726, 5733, 5734, 956, 5739, 3694, 5744, 3698, 1652, 5753, 959, 5762, 619, 1668, 3721, 1676, 5773, 1988, 3014, 1702, 1309, 3761, 5812, 287, 1724, 5823, 1728, 3779, 1735, 5833, 2338, 5838, 3792, 1747, 5846, 3806, 3807, 1769, 5878, 297, 5884, 981, 5905, 5913, 5914, 3870, 1493, 1836, 3887, 5936, 1331, 3892, 5942, 5943, 311, 5964, 994, 2108, 1873, 3923, 1877, 5975, 5977, 3938, 5989, 6460, 1899, 1731, 3954, 3955, 3958, 1001, 1002, 1918, 6018, 1925, 3975, 6024, 3979, 1937, 1940, 3989, 1942, 1943, 2997, 1947, 815, 4003, 4422, 2111, 6062, 4023, 6073, 4026, 4030, 1983, 4036, 1989, 1994, 6092, 4045, 6102, 2008, 2010, 2383, 6109, 2015, 4065, 4075, 2036, 2037, 4088, 2388, 4090, 2045])
F: Which HL60 genes and U937 genes at zero hours are differentially expressed?
7228           cre
7226        Z50753
7223      Z50101_r
7219      Z49269_i
7215        Z49194
7214        Z49099
7212        Z48923
7210        Z48570
7209        Z48541
7208        Z48482
7207        Z48481
7206    Z48475_r_i
7205      Z48475_i
7204      Z48475_f
7203        Z48199
...
43    D11428_i
37      D11086
32      D10872
31      D10704
30      D10656
28      D10537
22      D10202
15      D00749
14      D00726
13      D00596
8       D00137
6       D00015
2         BioD
1         BioC
0         BioB
Name: Gene Accession Number, Length: 3265, dtype: object
G: Yo ho ho and a bottle of rum!
